1775711499859 0.25420933961868286 1
1775711501005 0.17097847163677216 2
1775711502141 0.07058189064264297 3
1775711503277 0.09995964169502258 4
1775711504415 0.07733142375946045 5
1775711505553 0.15755879878997803 6
1775711506689 0.229801744222641 7
1775711507828 0.1766410619020462 8
1775711508967 0.2976420521736145 9
1775711510107 0.05427080765366554 10
1775711511245 0.19420740008354187 11
1775711512385 0.13169340789318085 12
1775711513517 0.111692875623703 13
1775711514654 0.09993395209312439 14
1775711515786 0.06575345993041992 15
1775711516921 0.11332179605960846 16
1775711518061 0.13182565569877625 17
1775711519197 0.0889405831694603 18
1775711520332 0.18383461236953735 19
1775711521468 0.15730322897434235 20
1775711522609 0.14779895544052124 21
1775711523747 0.17833520472049713 22
1775711524881 0.08285298198461533 23
1775711526014 0.2146754413843155 24
1775711527151 0.050200141966342926 25
1775711528287 0.1279238760471344 26
1775711529427 0.20153076946735382 27
1775711530564 0.18504226207733154 28
1775711531701 0.17661546170711517 29
1775711532838 0.17906518280506134 30
1775711533977 0.045526646077632904 31
1775711535114 0.22955718636512756 32
1775711536259 0.2662566006183624 33
1775711537400 0.14862066507339478 34
1775711538542 0.07864996790885925 35
1775711539686 0.13535664975643158 36
1775711540829 0.16597427427768707 37
1775711541971 0.16623687744140625 38
1775711543189 0.10645690560340881 39
1775711544327 0.14172160625457764 40
1775711545464 0.1583610326051712 41
1775711546602 0.07950340956449509 42
1775711547741 0.20700117945671082 43
1775711548879 0.10154655575752258 44
1775711550016 0.071321040391922 45
1775711551158 0.13301223516464233 46
1775711552300 0.04909101128578186 47
1775711553444 0.20898139476776123 48
1775711554590 0.21892797946929932 49
1775711555733 0.19529736042022705 50
1775711556876 0.06704233586788177 51
1775711558021 0.07918626070022583 52
1775711559166 0.23270383477210999 53
1775711560304 0.13019225001335144 54
1775711561445 0.19331619143486023 55
1775711562587 0.12939688563346863 56
1775711563724 0.09257438033819199 57
1775711564862 0.278178334236145 58
1775711566002 0.06968043744564056 59
1775711567141 0.13684821128845215 60
1775711568280 0.07137930393218994 61
1775711569420 0.041440606117248535 62
1775711570559 0.08247707039117813 63
1775711571700 0.08102487027645111 64
1775711572838 0.10487359017133713 65
1775711573976 0.2379978895187378 66
1775711575115 0.144044429063797 67
1775711576252 0.17490582168102264 68
1775711577389 0.11780756711959839 69
1775711578528 0.049399685114622116 70
1775711579666 0.1538655161857605 71
1775711580806 0.09429027140140533 72
1775711581945 0.21148335933685303 73
1775711583084 0.1740303337574005 74
1775711584221 0.18340080976486206 75
1775711585360 0.2016187310218811 76
1775711586500 0.21200346946716309 77
1775711587639 0.10182744264602661 78
1775711588777 0.14720070362091064 79
1775711589918 0.10220396518707275 80
1775711591056 0.19154086709022522 81
1775711592197 0.18722489476203918 82
1775711593336 0.12443935871124268 83
1775711594476 0.12268517911434174 84
1775711595614 0.09359189867973328 85
1775711596754 0.09317594766616821 86
1775711597892 0.13298839330673218 87
1775711599033 0.1526905596256256 88
1775711600171 0.087959423661232 89
1775711601311 0.17874255776405334 90
1775711602450 0.2393745481967926 91
1775711603597 0.06404847651720047 92
1775711604738 0.10064177215099335 93
1775711605877 0.09928566217422485 94
1775711607018 0.12542550265789032 95
1775711608160 0.3018162250518799 96
1775711609299 0.10935012996196747 97
1775711610447 0.13577839732170105 98
1775711611593 0.06293317675590515 99
1775711612739 0.2350950837135315 100
1775711613883 0.08774428814649582 101
1775711615027 0.10481473803520203 102
1775711616171 0.09491526335477829 103
1775711617415 0.10337553918361664 104
1775711618564 0.11860091984272003 105
1775711619710 0.12091441452503204 106
1775711620849 0.21232332289218903 107
1775711621989 0.11534127593040466 108
1775711623128 0.16905176639556885 109
1775711624267 0.08923663198947906 110
1775711625406 0.12494875490665436 111
1775711626546 0.2236630916595459 112
1775711627685 0.13294033706188202 113
1775711628824 0.12859606742858887 114
1775711629969 0.11319655179977417 115
1775711631113 0.19664055109024048 116
1775711632257 0.0890752524137497 117
1775711633402 0.09221748262643814 118
1775711634547 0.15200290083885193 119
1775711635691 0.08516129851341248 120
1775711636835 0.11652810126543045 121
1775711637975 0.08722630143165588 122
1775711639119 0.1738070845603943 123
1775711640265 0.14880859851837158 124
1775711641411 0.06823909282684326 125
1775711642557 0.16038504242897034 126
1775711643703 0.14892885088920593 127
1775711644848 0.08243675529956818 128
1775711645993 0.16533058881759644 129
1775711647137 0.16752852499485016 130
1775711648282 0.1875516027212143 131
1775711649426 0.1875411421060562 132
1775711650568 0.12290440499782562 133
1775711651706 0.03550747036933899 134
1775711652847 0.12665733695030212 135
1775711653987 0.10543482005596161 136
1775711655128 0.14951135218143463 137
1775711656268 0.08128853142261505 138
1775711657406 0.09921867400407791 139
1775711658545 0.1633664071559906 140
1775711659685 0.1369805932044983 141
1775711660831 0.10019902884960175 142
1775711661970 0.1330164074897766 143
1775711663112 0.16256597638130188 144
1775711664254 0.17160120606422424 145
1775711665393 0.08210191130638123 146
1775711666532 0.2137872874736786 147
1775711667671 0.10707596689462662 148
1775711668810 0.1784849762916565 149
1775711669949 0.11488809436559677 150
1775711671092 0.05822606757283211 151
1775711672231 0.1796492487192154 152
1775711673371 0.14197354018688202 153
1775711674511 0.1266341507434845 154
1775711675650 0.11146746575832367 155
1775711676790 0.16369885206222534 156
1775711677931 0.2514973282814026 157
1775711679070 0.11519947648048401 158
1775711680210 0.07526786625385284 159
1775711681359 0.19134396314620972 160
1775711682499 0.2238895744085312 161
1775711683641 0.06672732532024384 162
1775711684786 0.1427994966506958 163
1775711685932 0.13970953226089478 164
1775711687090 0.12341375648975372 165
1775711688235 0.08543506264686584 166
1775711689384 0.15474948287010193 167
1775711690531 0.11413855850696564 168
1775711691716 0.1997714787721634 169
1775711692861 0.19852590560913086 170
1775711694002 0.11794374883174896 171
1775711695143 0.16318121552467346 172
1775711696282 0.09892638027667999 173
1775711697423 0.08953335881233215 174
1775711698561 0.16534379124641418 175
1775711699701 0.09364275634288788 176
1775711700840 0.08929060399532318 177
1775711701980 0.152115598320961 178
1775711703124 0.2564103901386261 179
1775711704263 0.11321777105331421 180
1775711705403 0.2839380204677582 181
1775711706548 0.09059076011180878 182
1775711707693 0.0522761344909668 183
1775711708839 0.07451692968606949 184
1775711709985 0.041879139840602875 185
1775711711131 0.15105435252189636 186
1775711712275 0.105945885181427 187
1775711713422 0.08821305632591248 188
1775711714567 0.1296442598104477 189
1775711715712 0.07586409151554108 190
1775711716851 0.1928272247314453 191
1775711717991 0.2881604731082916 192
1775711719132 0.1297321617603302 193
1775711720273 0.13251431286334991 194
1775711721418 0.044695183634757996 195
1775711722565 0.2836025357246399 196
1775711723709 0.1045539379119873 197
1775711724856 0.12871819734573364 198
1775711726000 0.12220454216003418 199
1775711727140 0.10112354159355164 200
1775711728278 0.09858701378107071 201
1775711729419 0.17833851277828217 202
1775711730559 0.05875039100646973 203
1775711731698 0.08321885764598846 204
1775711732836 0.0632772147655487 205
1775711733974 0.17890992760658264 206
1775711735112 0.16305363178253174 207
1775711736252 0.1385023295879364 208
1775711737390 0.21648934483528137 209
1775711738528 0.08461601287126541 210
1775711739668 0.13422265648841858 211
1775711740805 0.174546480178833 212
1775711741945 0.14327406883239746 213
1775711743083 0.18496036529541016 214
1775711744223 0.15810543298721313 215
1775711745365 0.13432885706424713 216
1775711746504 0.06116826459765434 217
1775711747643 0.1715044230222702 218
1775711748785 0.07373655587434769 219
1775711749923 0.11246222257614136 220
1775711751062 0.1810830980539322 221
1775711752202 0.16630536317825317 222
1775711753343 0.11133868992328644 223
1775711754483 0.1570916771888733 224
1775711755622 0.222944974899292 225
1775711756761 0.07377105206251144 226
1775711757900 0.18215472996234894 227
1775711759041 0.09187673032283783 228
1775711760181 0.1471860110759735 229
1775711761322 0.2014831006526947 230
1775711762460 0.102254718542099 231
1775711763604 0.12893721461296082 232
1775711764743 0.13534978032112122 233
1775711765886 0.10408274829387665 234
1775711767030 0.11330372095108032 235
1775711768266 0.11658458411693573 236
1775711769411 0.11529160290956497 237
1775711770555 0.17832744121551514 238
1775711771701 0.12866321206092834 239
1775711772843 0.08452920615673065 240
1775711773982 0.1311754584312439 241
1775711775120 0.11514243483543396 242
1775711776258 0.13021615147590637 243
1775711777397 0.08696620166301727 244
1775711778538 0.2567945718765259 245
1775711779678 0.1098329946398735 246
1775711780818 0.10207951068878174 247
1775711781961 0.09352134168148041 248
1775711783121 0.19976089894771576 249
1775711784265 0.1174296885728836 250
1775711785410 0.064498171210289 251
1775711786556 0.029331741854548454 252
1775711787700 0.15600422024726868 253
1775711788841 0.13367189466953278 254
1775711789979 0.17972272634506226 255
1775711791119 0.25891798734664917 256
1775711792260 0.1450810730457306 257
1775711793406 0.0837976485490799 258
1775711794550 0.2120479941368103 259
1775711795695 0.042768388986587524 260
1775711796840 0.10468704998493195 261
1775711797986 0.1172228455543518 262
1775711799130 0.12119331955909729 263
1775711800277 0.3226318359375 264
1775711801424 0.18275520205497742 265
1775711802564 0.10686381161212921 266
1775711803702 0.09234392642974854 267
1775711804839 0.24897366762161255 268
1775711805979 0.05679044499993324 269
1775711807118 0.07621106505393982 270
1775711808255 0.06384476274251938 271
1775711809394 0.12747818231582642 272
1775711810534 0.11232177913188934 273
1775711811679 0.0600428581237793 274
1775711812822 0.22201968729496002 275
1775711813967 0.14228427410125732 276
1775711815106 0.08821046352386475 277
1775711816247 0.21972349286079407 278
1775711817386 0.23562830686569214 279
1775711818523 0.10696622729301453 280
1775711819665 0.12758378684520721 281
1775711820805 0.05425607040524483 282
1775711821945 0.0970093160867691 283
1775711823083 0.09602753818035126 284
1775711824225 0.06285260617733002 285
1775711825366 0.1295643150806427 286
1775711826505 0.18238474428653717 287
1775711827645 0.11690770089626312 288
1775711828785 0.18545235693454742 289
1775711829925 0.09273159503936768 290
1775711831065 0.1624070256948471 291
1775711832203 0.07665843516588211 292
1775711833343 0.11293157190084457 293
1775711834484 0.12995578348636627 294
1775711835623 0.11349810659885406 295
1775711836765 0.09343704581260681 296
1775711837904 0.17756310105323792 297
1775711839044 0.11025737971067429 298
1775711840205 0.1729140281677246 299
1775711841362 0.08133584260940552 300
1775711842548 0.058139603585004807 301
1775711843693 0.1169024333357811 302
1775711844850 0.08780180662870407 303
1775711845997 0.28732073307037354 304
1775711847143 0.09865798056125641 305
1775711848288 0.08159947395324707 306
1775711849434 0.18066202104091644 307
1775711850581 0.1692274510860443 308
1775711851725 0.22107748687267303 309
1775711852871 0.06699806451797485 310
1775711854016 0.09597017616033554 311
1775711855159 0.09629520773887634 312
1775711856298 0.09980375319719315 313
1775711857439 0.159420445561409 314
1775711858579 0.10428188741207123 315
1775711859720 0.24037857353687286 316
1775711860859 0.11402498930692673 317
1775711861998 0.04586989805102348 318
1775711863137 0.11967562884092331 319
1775711864277 0.12704379856586456 320
1775711865418 0.13660645484924316 321
1775711866557 0.19294476509094238 322
1775711867697 0.14451327919960022 323
1775711868838 0.08078239858150482 324
1775711869976 0.19168002903461456 325
1775711871118 0.06660571694374084 326
1775711872258 0.14354822039604187 327
1775711873397 0.10256952047348022 328
1775711874536 0.0806313082575798 329
1775711875676 0.06139694154262543 330
1775711876816 0.1326690912246704 331
1775711877961 0.05734260380268097 332
1775711879107 0.16084596514701843 333
1775711880254 0.18168990314006805 334
1775711881400 0.16356167197227478 335
1775711882548 0.1322871297597885 336
1775711883697 0.12021744251251221 337
1775711884850 0.06451262533664703 338
1775711885995 0.06572109460830688 339
1775711887132 0.10357500612735748 340
1775711888271 0.18568405508995056 341
1775711889411 0.19091635942459106 342
1775711890548 0.18739518523216248 343
1775711891687 0.22940808534622192 344
1775711892826 0.10024570673704147 345
1775711893965 0.05765413120388985 346
1775711895105 0.06686113029718399 347
1775711896248 0.12877225875854492 348
1775711897388 0.08924439549446106 349
1775711898528 0.051798731088638306 350
1775711899672 0.07557544857263565 351
1775711900811 0.21045371890068054 352
1775711901951 0.15393269062042236 353
1775711903089 0.17418299615383148 354
1775711904230 0.10869341343641281 355
1775711905371 0.16019949316978455 356
1775711906511 0.09174405783414841 357
1775711907651 0.23226749897003174 358
1775711908790 0.0878351703286171 359
1775711909934 0.1878235638141632 360
1775711911080 0.12435387074947357 361
1775711912225 0.07479958236217499 362
1775711913370 0.17420639097690582 363
1775711914514 0.1434222161769867 364
1775711915654 0.09073825180530548 365
1775711916795 0.170610249042511 366
1775711917933 0.22888904809951782 367
1775711919148 0.21940436959266663 368
1775711920288 0.12445181608200073 369
1775711921429 0.07497136294841766 370
1775711922570 0.142022043466568 371
1775711923709 0.24334533512592316 372
1775711924848 0.16395863890647888 373
1775711925988 0.045545268803834915 374
1775711927128 0.06399649381637573 375
1775711928266 0.1193389743566513 376
1775711929404 0.16699886322021484 377
1775711930544 0.08873522281646729 378
1775711931682 0.13197681307792664 379
1775711932821 0.18209131062030792 380
1775711933959 0.04768965393304825 381
1775711935096 0.2557031214237213 382
1775711936237 0.11202919483184814 383
1775711937378 0.12458383291959763 384
1775711938518 0.08206839859485626 385
1775711939657 0.19438567757606506 386
1775711940796 0.2209017276763916 387
1775711941935 0.1680467426776886 388
1775711943074 0.12624448537826538 389
1775711944213 0.06986010074615479 390
1775711945354 0.1355276256799698 391
1775711946496 0.1381809115409851 392
1775711947635 0.2640281319618225 393
1775711948774 0.16745655238628387 394
1775711949918 0.09627914428710938 395
1775711951066 0.14397162199020386 396
1775711952212 0.16733834147453308 397
1775711953360 0.1105184257030487 398
1775711954505 0.12013345956802368 399
1775711955649 0.0495750829577446 400
1775711956794 0.16425549983978271 401
1775711957940 0.09306690096855164 402
1775711959087 0.13735121488571167 403
1775711960232 0.06573303788900375 404
1775711961381 0.09456110000610352 405
1775711962523 0.14891120791435242 406
1775711963664 0.13962864875793457 407
1775711964804 0.10927764326334 408
1775711965948 0.13486333191394806 409
1775711967089 0.08503951877355576 410
1775711968230 0.22230884432792664 411
1775711969372 0.09270425140857697 412
1775711970510 0.20451226830482483 413
1775711971650 0.06717097759246826 414
1775711972789 0.11813957244157791 415
1775711973932 0.24750974774360657 416
1775711975072 0.050437189638614655 417
1775711976211 0.0767938643693924 418
1775711977360 0.15491163730621338 419
1775711978497 0.09037530422210693 420
1775711979635 0.1347348988056183 421
1775711980775 0.12081240862607956 422
1775711981915 0.10726673156023026 423
1775711983056 0.16105443239212036 424
1775711984195 0.05394689738750458 425
1775711985334 0.13678863644599915 426
1775711986477 0.22527381777763367 427
1775711987617 0.17948578298091888 428
1775711988758 0.09582081437110901 429
1775711989899 0.047412171959877014 430
1775711991038 0.1614440381526947 431
1775711992177 0.10076624155044556 432
1775711993320 0.1717766523361206 433
1775711994465 0.09024550020694733 434
1775711995611 0.18074442446231842 435
1775711996756 0.1004665195941925 436
1775711997903 0.08719733357429504 437
1775711999048 0.10828391462564468 438
1775712000193 0.10153090953826904 439
1775712001337 0.19208002090454102 440
1775712002484 0.11691975593566895 441
1775712003630 0.19033195078372955 442
1775712004775 0.05860564112663269 443
1775712005916 0.11052730679512024 444
1775712007056 0.11059895157814026 445
1775712008196 0.05177474021911621 446
1775712009338 0.07686839997768402 447
1775712010479 0.12419575452804565 448
1775712011619 0.1327691376209259 449
1775712012766 0.15097782015800476 450
1775712013903 0.06611762940883636 451
1775712015043 0.04685889184474945 452
1775712016184 0.2262638509273529 453
1775712017324 0.09058700501918793 454
1775712018464 0.079715296626091 455
1775712019604 0.09589767456054688 456
1775712020746 0.10749371349811554 457
1775712021887 0.1527300626039505 458
1775712023026 0.07255931198596954 459
1775712024165 0.1358141005039215 460
1775712025306 0.10506443679332733 461
1775712026445 0.050967276096343994 462
1775712027586 0.09362314641475677 463
1775712028726 0.09333869814872742 464
1775712029864 0.134023517370224 465
1775712031004 0.06914260983467102 466
1775712032143 0.09851323813199997 467
1775712033284 0.20492616295814514 468
1775712034423 0.16534528136253357 469
1775712035562 0.18408723175525665 470
1775712036702 0.15173295140266418 471
1775712037842 0.08352018147706985 472
1775712038980 0.1613384485244751 473
1775712040120 0.09249947965145111 474
1775712041258 0.11632947623729706 475
1775712042397 0.17235207557678223 476
1775712043535 0.09030350297689438 477
1775712044675 0.133608877658844 478
1775712045813 0.06293413043022156 479
1775712046952 0.09859979152679443 480
1775712048091 0.17678920924663544 481
1775712049230 0.07804474234580994 482
1775712050372 0.1424088478088379 483
1775712051510 0.28429558873176575 484
1775712052652 0.1722722202539444 485
1775712053794 0.02819531410932541 486
1775712054932 0.07260783016681671 487
1775712056072 0.161107137799263 488
1775712057213 0.10367496311664581 489
1775712058355 0.27288490533828735 490
1775712059492 0.19949203729629517 491
1775712060639 0.19509699940681458 492
1775712061784 0.12258187681436539 493
1775712062929 0.05835957080125809 494
1775712064074 0.07990686595439911 495
1775712065220 0.08737245202064514 496
1775712066364 0.1304495930671692 497
1775712067509 0.06954103708267212 498
1775712068649 0.050879981368780136 499
1775712069859 0.15171220898628235 500
