1775711499859 2e-08 1
1775711501005 4e-08 2
1775711502141 6.000000000000001e-08 3
1775711503277 8e-08 4
1775711504415 1.0000000000000001e-07 5
1775711505553 1.2000000000000002e-07 6
1775711506689 1.4e-07 7
1775711507828 1.6e-07 8
1775711508967 1.8e-07 9
1775711510107 2.0000000000000002e-07 10
1775711511245 2.2e-07 11
1775711512385 2.4000000000000003e-07 12
1775711513517 2.6e-07 13
1775711514654 2.8e-07 14
1775711515786 3.0000000000000004e-07 15
1775711516921 3.2e-07 16
1775711518061 3.4000000000000003e-07 17
1775711519197 3.6e-07 18
1775711520332 3.8e-07 19
1775711521468 4.0000000000000003e-07 20
1775711522609 4.2000000000000006e-07 21
1775711523747 4.4e-07 22
1775711524881 4.6000000000000004e-07 23
1775711526014 4.800000000000001e-07 24
1775711527151 5.000000000000001e-07 25
1775711528287 5.2e-07 26
1775711529427 5.4e-07 27
1775711530564 5.6e-07 28
1775711531701 5.800000000000001e-07 29
1775711532838 6.000000000000001e-07 30
1775711533977 6.200000000000001e-07 31
1775711535114 6.4e-07 32
1775711536259 6.6e-07 33
1775711537400 6.800000000000001e-07 34
1775711538542 7.000000000000001e-07 35
1775711539686 7.2e-07 36
1775711540829 7.4e-07 37
1775711541971 7.6e-07 38
1775711543189 7.8e-07 39
1775711544327 8.000000000000001e-07 40
1775711545464 8.200000000000001e-07 41
1775711546602 8.400000000000001e-07 42
1775711547741 8.6e-07 43
1775711548879 8.8e-07 44
1775711550016 9.000000000000001e-07 45
1775711551158 9.200000000000001e-07 46
1775711552300 9.400000000000001e-07 47
1775711553444 9.600000000000001e-07 48
1775711554590 9.800000000000001e-07 49
1775711555733 1.0000000000000002e-06 50
1775711556876 1.02e-06 51
1775711558021 1.04e-06 52
1775711559166 1.06e-06 53
1775711560304 1.08e-06 54
1775711561445 1.1e-06 55
1775711562587 1.12e-06 56
1775711563724 1.14e-06 57
1775711564862 1.1600000000000001e-06 58
1775711566002 1.1800000000000001e-06 59
1775711567141 1.2000000000000002e-06 60
1775711568280 1.2200000000000002e-06 61
1775711569420 1.2400000000000002e-06 62
1775711570559 1.26e-06 63
1775711571700 1.28e-06 64
1775711572838 1.3e-06 65
1775711573976 1.32e-06 66
1775711575115 1.34e-06 67
1775711576252 1.3600000000000001e-06 68
1775711577389 1.3800000000000001e-06 69
1775711578528 1.4000000000000001e-06 70
1775711579666 1.42e-06 71
1775711580806 1.44e-06 72
1775711581945 1.46e-06 73
1775711583084 1.48e-06 74
1775711584221 1.5e-06 75
1775711585360 1.52e-06 76
1775711586500 1.54e-06 77
1775711587639 1.56e-06 78
1775711588777 1.5800000000000001e-06 79
1775711589918 1.6000000000000001e-06 80
1775711591056 1.6200000000000002e-06 81
1775711592197 1.6400000000000002e-06 82
1775711593336 1.6600000000000002e-06 83
1775711594476 1.6800000000000002e-06 84
1775711595614 1.7000000000000002e-06 85
1775711596754 1.72e-06 86
1775711597892 1.74e-06 87
1775711599033 1.76e-06 88
1775711600171 1.7800000000000001e-06 89
1775711601311 1.8000000000000001e-06 90
1775711602450 1.8200000000000002e-06 91
1775711603597 1.8400000000000002e-06 92
1775711604738 1.8600000000000002e-06 93
1775711605877 1.8800000000000002e-06 94
1775711607018 1.9000000000000002e-06 95
1775711608160 1.9200000000000003e-06 96
1775711609299 1.94e-06 97
1775711610447 1.9600000000000003e-06 98
1775711611593 1.98e-06 99
1775711612739 2.0000000000000003e-06 100
1775711613883 2.02e-06 101
1775711615027 2.04e-06 102
1775711616171 2.06e-06 103
1775711617415 2.08e-06 104
1775711618564 2.1000000000000002e-06 105
1775711619710 2.12e-06 106
1775711620849 2.1400000000000003e-06 107
1775711621989 2.16e-06 108
1775711623128 2.1800000000000003e-06 109
1775711624267 2.2e-06 110
1775711625406 2.2200000000000003e-06 111
1775711626546 2.24e-06 112
1775711627685 2.2600000000000004e-06 113
1775711628824 2.28e-06 114
1775711629969 2.3000000000000004e-06 115
1775711631113 2.3200000000000002e-06 116
1775711632257 2.3400000000000005e-06 117
1775711633402 2.3600000000000003e-06 118
1775711634547 2.38e-06 119
1775711635691 2.4000000000000003e-06 120
1775711636835 2.42e-06 121
1775711637975 2.4400000000000004e-06 122
1775711639119 2.46e-06 123
1775711640265 2.4800000000000004e-06 124
1775711641411 2.5e-06 125
1775711642557 2.52e-06 126
1775711643703 2.5400000000000002e-06 127
1775711644848 2.56e-06 128
1775711645993 2.5800000000000003e-06 129
1775711647137 2.6e-06 130
1775711648282 2.6200000000000003e-06 131
1775711649426 2.64e-06 132
1775711650568 2.6600000000000004e-06 133
1775711651706 2.68e-06 134
1775711652847 2.7000000000000004e-06 135
1775711653987 2.7200000000000002e-06 136
1775711655128 2.7400000000000004e-06 137
1775711656268 2.7600000000000003e-06 138
1775711657406 2.7800000000000005e-06 139
1775711658545 2.8000000000000003e-06 140
1775711659685 2.82e-06 141
1775711660831 2.84e-06 142
1775711661970 2.86e-06 143
1775711663112 2.88e-06 144
1775711664254 2.9e-06 145
1775711665393 2.92e-06 146
1775711666532 2.9400000000000002e-06 147
1775711667671 2.96e-06 148
1775711668810 2.9800000000000003e-06 149
1775711669949 3e-06 150
1775711671092 3.0200000000000003e-06 151
1775711672231 3.04e-06 152
1775711673371 3.0600000000000003e-06 153
1775711674511 3.08e-06 154
1775711675650 3.1000000000000004e-06 155
1775711676790 3.12e-06 156
1775711677931 3.1400000000000004e-06 157
1775711679070 3.1600000000000002e-06 158
1775711680210 3.1800000000000005e-06 159
1775711681359 3.2000000000000003e-06 160
1775711682499 3.2200000000000005e-06 161
1775711683641 3.2400000000000003e-06 162
1775711684786 3.2600000000000006e-06 163
1775711685932 3.2800000000000004e-06 164
1775711687090 3.3000000000000006e-06 165
1775711688235 3.3200000000000004e-06 166
1775711689384 3.3400000000000006e-06 167
1775711690531 3.3600000000000004e-06 168
1775711691716 3.3800000000000007e-06 169
1775711692861 3.4000000000000005e-06 170
1775711694002 3.4200000000000007e-06 171
1775711695143 3.44e-06 172
1775711696282 3.46e-06 173
1775711697423 3.48e-06 174
1775711698561 3.5e-06 175
1775711699701 3.52e-06 176
1775711700840 3.54e-06 177
1775711701980 3.5600000000000002e-06 178
1775711703124 3.58e-06 179
1775711704263 3.6000000000000003e-06 180
1775711705403 3.62e-06 181
1775711706548 3.6400000000000003e-06 182
1775711707693 3.66e-06 183
1775711708839 3.6800000000000003e-06 184
1775711709985 3.7e-06 185
1775711711131 3.7200000000000004e-06 186
1775711712275 3.74e-06 187
1775711713422 3.7600000000000004e-06 188
1775711714567 3.7800000000000002e-06 189
1775711715712 3.8000000000000005e-06 190
1775711716851 3.820000000000001e-06 191
1775711717991 3.8400000000000005e-06 192
1775711719132 3.86e-06 193
1775711720273 3.88e-06 194
1775711721418 3.900000000000001e-06 195
1775711722565 3.920000000000001e-06 196
1775711723709 3.94e-06 197
1775711724856 3.96e-06 198
1775711726000 3.980000000000001e-06 199
1775711727140 4.000000000000001e-06 200
1775711728278 4.0200000000000005e-06 201
1775711729419 4.04e-06 202
1775711730559 4.060000000000001e-06 203
1775711731698 4.08e-06 204
1775711732836 4.1e-06 205
1775711733974 4.12e-06 206
1775711735112 4.14e-06 207
1775711736252 4.16e-06 208
1775711737390 4.18e-06 209
1775711738528 4.2000000000000004e-06 210
1775711739668 4.22e-06 211
1775711740805 4.24e-06 212
1775711741945 4.26e-06 213
1775711743083 4.2800000000000005e-06 214
1775711744223 4.3e-06 215
1775711745365 4.32e-06 216
1775711746504 4.34e-06 217
1775711747643 4.360000000000001e-06 218
1775711748785 4.38e-06 219
1775711749923 4.4e-06 220
1775711751062 4.42e-06 221
1775711752202 4.440000000000001e-06 222
1775711753343 4.4600000000000005e-06 223
1775711754483 4.48e-06 224
1775711755622 4.5e-06 225
1775711756761 4.520000000000001e-06 226
1775711757900 4.540000000000001e-06 227
1775711759041 4.56e-06 228
1775711760181 4.58e-06 229
1775711761322 4.600000000000001e-06 230
1775711762460 4.620000000000001e-06 231
1775711763604 4.6400000000000005e-06 232
1775711764743 4.66e-06 233
1775711765886 4.680000000000001e-06 234
1775711767030 4.7e-06 235
1775711768266 4.7200000000000005e-06 236
1775711769411 4.74e-06 237
1775711770555 4.76e-06 238
1775711771701 4.78e-06 239
1775711772843 4.800000000000001e-06 240
1775711773982 4.8200000000000004e-06 241
1775711775120 4.84e-06 242
1775711776258 4.86e-06 243
1775711777397 4.880000000000001e-06 244
1775711778538 4.9000000000000005e-06 245
1775711779678 4.92e-06 246
1775711780818 4.94e-06 247
1775711781961 4.960000000000001e-06 248
1775711783121 4.980000000000001e-06 249
1775711784265 5e-06 250
1775711785410 5.02e-06 251
1775711786556 5.04e-06 252
1775711787700 5.060000000000001e-06 253
1775711788841 5.0800000000000005e-06 254
1775711789979 5.1e-06 255
1775711791119 5.12e-06 256
1775711792260 5.140000000000001e-06 257
1775711793406 5.1600000000000006e-06 258
1775711794550 5.18e-06 259
1775711795695 5.2e-06 260
1775711796840 5.220000000000001e-06 261
1775711797986 5.240000000000001e-06 262
1775711799130 5.2600000000000005e-06 263
1775711800277 5.28e-06 264
1775711801424 5.300000000000001e-06 265
1775711802564 5.320000000000001e-06 266
1775711803702 5.3400000000000005e-06 267
1775711804839 5.36e-06 268
1775711805979 5.380000000000001e-06 269
1775711807118 5.400000000000001e-06 270
1775711808255 5.420000000000001e-06 271
1775711809394 5.4400000000000004e-06 272
1775711810534 5.460000000000001e-06 273
1775711811679 5.480000000000001e-06 274
1775711812822 5.500000000000001e-06 275
1775711813967 5.5200000000000005e-06 276
1775711815106 5.540000000000001e-06 277
1775711816247 5.560000000000001e-06 278
1775711817386 5.580000000000001e-06 279
1775711818523 5.600000000000001e-06 280
1775711819665 5.620000000000001e-06 281
1775711820805 5.64e-06 282
1775711821945 5.66e-06 283
1775711823083 5.68e-06 284
1775711824225 5.7e-06 285
1775711825366 5.72e-06 286
1775711826505 5.74e-06 287
1775711827645 5.76e-06 288
1775711828785 5.78e-06 289
1775711829925 5.8e-06 290
1775711831065 5.82e-06 291
1775711832203 5.84e-06 292
1775711833343 5.86e-06 293
1775711834484 5.8800000000000005e-06 294
1775711835623 5.9e-06 295
1775711836765 5.92e-06 296
1775711837904 5.94e-06 297
1775711839044 5.9600000000000005e-06 298
1775711840205 5.98e-06 299
1775711841362 6e-06 300
1775711842548 6.02e-06 301
1775711843693 6.040000000000001e-06 302
1775711844850 6.0600000000000004e-06 303
1775711845997 6.08e-06 304
1775711847143 6.1e-06 305
1775711848288 6.120000000000001e-06 306
1775711849434 6.1400000000000005e-06 307
1775711850581 6.16e-06 308
1775711851725 6.18e-06 309
1775711852871 6.200000000000001e-06 310
1775711854016 6.220000000000001e-06 311
1775711855159 6.24e-06 312
1775711856298 6.26e-06 313
1775711857439 6.280000000000001e-06 314
1775711858579 6.300000000000001e-06 315
1775711859720 6.3200000000000005e-06 316
1775711860859 6.34e-06 317
1775711861998 6.360000000000001e-06 318
1775711863137 6.380000000000001e-06 319
1775711864277 6.4000000000000006e-06 320
1775711865418 6.42e-06 321
1775711866557 6.440000000000001e-06 322
1775711867697 6.460000000000001e-06 323
1775711868838 6.480000000000001e-06 324
1775711869976 6.5000000000000004e-06 325
1775711871118 6.520000000000001e-06 326
1775711872258 6.540000000000001e-06 327
1775711873397 6.560000000000001e-06 328
1775711874536 6.5800000000000005e-06 329
1775711875676 6.600000000000001e-06 330
1775711876816 6.620000000000001e-06 331
1775711877961 6.640000000000001e-06 332
1775711879107 6.660000000000001e-06 333
1775711880254 6.680000000000001e-06 334
1775711881400 6.700000000000001e-06 335
1775711882548 6.720000000000001e-06 336
1775711883697 6.740000000000001e-06 337
1775711884850 6.760000000000001e-06 338
1775711885995 6.780000000000001e-06 339
1775711887132 6.800000000000001e-06 340
1775711888271 6.820000000000001e-06 341
1775711889411 6.8400000000000014e-06 342
1775711890548 6.860000000000001e-06 343
1775711891687 6.88e-06 344
1775711892826 6.9e-06 345
1775711893965 6.92e-06 346
1775711895105 6.9400000000000005e-06 347
1775711896248 6.96e-06 348
1775711897388 6.98e-06 349
1775711898528 7e-06 350
1775711899672 7.0200000000000006e-06 351
1775711900811 7.04e-06 352
1775711901951 7.06e-06 353
1775711903089 7.08e-06 354
1775711904230 7.100000000000001e-06 355
1775711905371 7.1200000000000004e-06 356
1775711906511 7.14e-06 357
1775711907651 7.16e-06 358
1775711908790 7.180000000000001e-06 359
1775711909934 7.2000000000000005e-06 360
1775711911080 7.22e-06 361
1775711912225 7.24e-06 362
1775711913370 7.260000000000001e-06 363
1775711914514 7.280000000000001e-06 364
1775711915654 7.3e-06 365
1775711916795 7.32e-06 366
1775711917933 7.340000000000001e-06 367
1775711919148 7.360000000000001e-06 368
1775711920288 7.3800000000000005e-06 369
1775711921429 7.4e-06 370
1775711922570 7.420000000000001e-06 371
1775711923709 7.440000000000001e-06 372
1775711924848 7.4600000000000006e-06 373
1775711925988 7.48e-06 374
1775711927128 7.500000000000001e-06 375
1775711928266 7.520000000000001e-06 376
1775711929404 7.540000000000001e-06 377
1775711930544 7.5600000000000005e-06 378
1775711931682 7.58e-06 379
1775711932821 7.600000000000001e-06 380
1775711933959 7.620000000000001e-06 381
1775711935096 7.640000000000001e-06 382
1775711936237 7.660000000000001e-06 383
1775711937378 7.680000000000001e-06 384
1775711938518 7.7e-06 385
1775711939657 7.72e-06 386
1775711940796 7.74e-06 387
1775711941935 7.76e-06 388
1775711943074 7.78e-06 389
1775711944213 7.800000000000002e-06 390
1775711945354 7.820000000000001e-06 391
1775711946496 7.840000000000001e-06 392
1775711947635 7.860000000000001e-06 393
1775711948774 7.88e-06 394
1775711949918 7.9e-06 395
1775711951066 7.92e-06 396
1775711952212 7.94e-06 397
1775711953360 7.960000000000002e-06 398
1775711954505 7.980000000000002e-06 399
1775711955649 8.000000000000001e-06 400
1775711956794 8.020000000000001e-06 401
1775711957940 8.040000000000001e-06 402
1775711959087 8.06e-06 403
1775711960232 8.08e-06 404
1775711961381 8.1e-06 405
1775711962523 8.120000000000002e-06 406
1775711963664 8.14e-06 407
1775711964804 8.16e-06 408
1775711965948 8.18e-06 409
1775711967089 8.2e-06 410
1775711968230 8.220000000000001e-06 411
1775711969372 8.24e-06 412
1775711970510 8.26e-06 413
1775711971650 8.28e-06 414
1775711972789 8.3e-06 415
1775711973932 8.32e-06 416
1775711975072 8.34e-06 417
1775711976211 8.36e-06 418
1775711977360 8.380000000000001e-06 419
1775711978497 8.400000000000001e-06 420
1775711979635 8.42e-06 421
1775711980775 8.44e-06 422
1775711981915 8.46e-06 423
1775711983056 8.48e-06 424
1775711984195 8.5e-06 425
1775711985334 8.52e-06 426
1775711986477 8.540000000000001e-06 427
1775711987617 8.560000000000001e-06 428
1775711988758 8.580000000000001e-06 429
1775711989899 8.6e-06 430
1775711991038 8.62e-06 431
1775711992177 8.64e-06 432
1775711993320 8.66e-06 433
1775711994465 8.68e-06 434
1775711995611 8.700000000000001e-06 435
1775711996756 8.720000000000001e-06 436
1775711997903 8.740000000000001e-06 437
1775711999048 8.76e-06 438
1775712000193 8.78e-06 439
1775712001337 8.8e-06 440
1775712002484 8.82e-06 441
1775712003630 8.84e-06 442
1775712004775 8.860000000000002e-06 443
1775712005916 8.880000000000001e-06 444
1775712007056 8.900000000000001e-06 445
1775712008196 8.920000000000001e-06 446
1775712009338 8.94e-06 447
1775712010479 8.96e-06 448
1775712011619 8.98e-06 449
1775712012766 9e-06 450
1775712013903 9.020000000000002e-06 451
1775712015043 9.040000000000002e-06 452
1775712016184 9.060000000000001e-06 453
1775712017324 9.080000000000001e-06 454
1775712018464 9.100000000000001e-06 455
1775712019604 9.12e-06 456
1775712020746 9.14e-06 457
1775712021887 9.16e-06 458
1775712023026 9.180000000000002e-06 459
1775712024165 9.200000000000002e-06 460
1775712025306 9.220000000000002e-06 461
1775712026445 9.240000000000001e-06 462
1775712027586 9.260000000000001e-06 463
1775712028726 9.280000000000001e-06 464
1775712029864 9.3e-06 465
1775712031004 9.32e-06 466
1775712032143 9.340000000000002e-06 467
1775712033284 9.360000000000002e-06 468
1775712034423 9.38e-06 469
1775712035562 9.4e-06 470
1775712036702 9.42e-06 471
1775712037842 9.440000000000001e-06 472
1775712038980 9.460000000000001e-06 473
1775712040120 9.48e-06 474
1775712041258 9.5e-06 475
1775712042397 9.52e-06 476
1775712043535 9.54e-06 477
1775712044675 9.56e-06 478
1775712045813 9.58e-06 479
1775712046952 9.600000000000001e-06 480
1775712048091 9.620000000000001e-06 481
1775712049230 9.640000000000001e-06 482
1775712050372 9.66e-06 483
1775712051510 9.68e-06 484
1775712052652 9.7e-06 485
1775712053794 9.72e-06 486
1775712054932 9.74e-06 487
1775712056072 9.760000000000001e-06 488
1775712057213 9.780000000000001e-06 489
1775712058355 9.800000000000001e-06 490
1775712059492 9.820000000000001e-06 491
1775712060639 9.84e-06 492
1775712061784 9.86e-06 493
1775712062929 9.88e-06 494
1775712064074 9.9e-06 495
1775712065220 9.920000000000002e-06 496
1775712066364 9.940000000000001e-06 497
1775712067509 9.960000000000001e-06 498
1775712068649 9.980000000000001e-06 499
1775712069859 1e-05 500
