1775711499859 1 1
1775711501005 2 2
1775711502141 3 3
1775711503277 4 4
1775711504415 5 5
1775711505553 6 6
1775711506689 7 7
1775711507828 8 8
1775711508967 9 9
1775711510107 10 10
1775711511245 11 11
1775711512385 12 12
1775711513517 13 13
1775711514654 14 14
1775711515786 15 15
1775711516921 16 16
1775711518061 17 17
1775711519197 18 18
1775711520332 19 19
1775711521468 20 20
1775711522609 21 21
1775711523747 22 22
1775711524881 23 23
1775711526014 24 24
1775711527151 25 25
1775711528287 26 26
1775711529427 27 27
1775711530564 28 28
1775711531701 29 29
1775711532838 30 30
1775711533977 31 31
1775711535114 32 32
1775711536259 33 33
1775711537400 34 34
1775711538542 35 35
1775711539686 36 36
1775711540829 37 37
1775711541971 38 38
1775711543189 39 39
1775711544327 40 40
1775711545464 41 41
1775711546602 42 42
1775711547741 43 43
1775711548879 44 44
1775711550016 45 45
1775711551158 46 46
1775711552300 47 47
1775711553444 48 48
1775711554590 49 49
1775711555733 50 50
1775711556876 51 51
1775711558021 52 52
1775711559166 53 53
1775711560304 54 54
1775711561445 55 55
1775711562587 56 56
1775711563724 57 57
1775711564862 58 58
1775711566002 59 59
1775711567141 60 60
1775711568280 61 61
1775711569420 62 62
1775711570559 63 63
1775711571700 64 64
1775711572838 65 65
1775711573976 66 66
1775711575115 67 67
1775711576252 68 68
1775711577389 69 69
1775711578528 70 70
1775711579666 71 71
1775711580806 72 72
1775711581945 73 73
1775711583084 74 74
1775711584221 75 75
1775711585360 76 76
1775711586500 77 77
1775711587639 78 78
1775711588777 79 79
1775711589918 80 80
1775711591056 81 81
1775711592197 82 82
1775711593336 83 83
1775711594476 84 84
1775711595614 85 85
1775711596754 86 86
1775711597892 87 87
1775711599033 88 88
1775711600171 89 89
1775711601311 90 90
1775711602450 91 91
1775711603597 92 92
1775711604738 93 93
1775711605877 94 94
1775711607018 95 95
1775711608160 96 96
1775711609299 97 97
1775711610447 98 98
1775711611593 99 99
1775711612739 100 100
1775711613883 101 101
1775711615027 102 102
1775711616171 103 103
1775711617415 104 104
1775711618564 105 105
1775711619710 106 106
1775711620849 107 107
1775711621989 108 108
1775711623128 109 109
1775711624267 110 110
1775711625406 111 111
1775711626546 112 112
1775711627685 113 113
1775711628824 114 114
1775711629969 115 115
1775711631113 116 116
1775711632257 117 117
1775711633402 118 118
1775711634547 119 119
1775711635691 120 120
1775711636835 121 121
1775711637975 122 122
1775711639119 123 123
1775711640265 124 124
1775711641411 125 125
1775711642557 126 126
1775711643703 127 127
1775711644848 128 128
1775711645993 129 129
1775711647137 130 130
1775711648282 131 131
1775711649426 132 132
1775711650568 133 133
1775711651706 134 134
1775711652847 135 135
1775711653987 136 136
1775711655128 137 137
1775711656268 138 138
1775711657406 139 139
1775711658545 140 140
1775711659685 141 141
1775711660831 142 142
1775711661970 143 143
1775711663112 144 144
1775711664254 145 145
1775711665393 146 146
1775711666532 147 147
1775711667671 148 148
1775711668810 149 149
1775711669949 150 150
1775711671092 151 151
1775711672231 152 152
1775711673371 153 153
1775711674511 154 154
1775711675650 155 155
1775711676790 156 156
1775711677931 157 157
1775711679070 158 158
1775711680210 159 159
1775711681359 160 160
1775711682499 161 161
1775711683641 162 162
1775711684786 163 163
1775711685932 164 164
1775711687090 165 165
1775711688235 166 166
1775711689384 167 167
1775711690531 168 168
1775711691716 169 169
1775711692861 170 170
1775711694002 171 171
1775711695143 172 172
1775711696282 173 173
1775711697423 174 174
1775711698561 175 175
1775711699701 176 176
1775711700840 177 177
1775711701980 178 178
1775711703124 179 179
1775711704263 180 180
1775711705403 181 181
1775711706548 182 182
1775711707693 183 183
1775711708839 184 184
1775711709985 185 185
1775711711131 186 186
1775711712275 187 187
1775711713422 188 188
1775711714567 189 189
1775711715712 190 190
1775711716851 191 191
1775711717991 192 192
1775711719132 193 193
1775711720273 194 194
1775711721418 195 195
1775711722565 196 196
1775711723709 197 197
1775711724856 198 198
1775711726000 199 199
1775711727140 200 200
1775711728278 201 201
1775711729419 202 202
1775711730559 203 203
1775711731698 204 204
1775711732836 205 205
1775711733974 206 206
1775711735112 207 207
1775711736252 208 208
1775711737390 209 209
1775711738528 210 210
1775711739668 211 211
1775711740805 212 212
1775711741945 213 213
1775711743083 214 214
1775711744223 215 215
1775711745365 216 216
1775711746504 217 217
1775711747643 218 218
1775711748785 219 219
1775711749923 220 220
1775711751062 221 221
1775711752202 222 222
1775711753343 223 223
1775711754483 224 224
1775711755622 225 225
1775711756761 226 226
1775711757900 227 227
1775711759041 228 228
1775711760181 229 229
1775711761322 230 230
1775711762460 231 231
1775711763604 232 232
1775711764743 233 233
1775711765886 234 234
1775711767030 235 235
1775711768266 236 236
1775711769411 237 237
1775711770555 238 238
1775711771701 239 239
1775711772843 240 240
1775711773982 241 241
1775711775120 242 242
1775711776258 243 243
1775711777397 244 244
1775711778538 245 245
1775711779678 246 246
1775711780818 247 247
1775711781961 248 248
1775711783121 249 249
1775711784265 250 250
1775711785410 251 251
1775711786556 252 252
1775711787700 253 253
1775711788841 254 254
1775711789979 255 255
1775711791119 256 256
1775711792260 257 257
1775711793406 258 258
1775711794550 259 259
1775711795695 260 260
1775711796840 261 261
1775711797986 262 262
1775711799130 263 263
1775711800277 264 264
1775711801424 265 265
1775711802564 266 266
1775711803702 267 267
1775711804839 268 268
1775711805979 269 269
1775711807118 270 270
1775711808255 271 271
1775711809394 272 272
1775711810534 273 273
1775711811679 274 274
1775711812822 275 275
1775711813967 276 276
1775711815106 277 277
1775711816247 278 278
1775711817386 279 279
1775711818523 280 280
1775711819665 281 281
1775711820805 282 282
1775711821945 283 283
1775711823083 284 284
1775711824225 285 285
1775711825366 286 286
1775711826505 287 287
1775711827645 288 288
1775711828785 289 289
1775711829925 290 290
1775711831065 291 291
1775711832203 292 292
1775711833343 293 293
1775711834484 294 294
1775711835623 295 295
1775711836765 296 296
1775711837904 297 297
1775711839044 298 298
1775711840205 299 299
1775711841362 300 300
1775711842548 301 301
1775711843693 302 302
1775711844850 303 303
1775711845997 304 304
1775711847143 305 305
1775711848288 306 306
1775711849434 307 307
1775711850581 308 308
1775711851725 309 309
1775711852871 310 310
1775711854016 311 311
1775711855159 312 312
1775711856298 313 313
1775711857439 314 314
1775711858579 315 315
1775711859720 316 316
1775711860859 317 317
1775711861998 318 318
1775711863137 319 319
1775711864277 320 320
1775711865418 321 321
1775711866557 322 322
1775711867697 323 323
1775711868838 324 324
1775711869976 325 325
1775711871118 326 326
1775711872258 327 327
1775711873397 328 328
1775711874536 329 329
1775711875676 330 330
1775711876816 331 331
1775711877961 332 332
1775711879107 333 333
1775711880254 334 334
1775711881400 335 335
1775711882548 336 336
1775711883697 337 337
1775711884850 338 338
1775711885995 339 339
1775711887132 340 340
1775711888271 341 341
1775711889411 342 342
1775711890548 343 343
1775711891687 344 344
1775711892826 345 345
1775711893965 346 346
1775711895105 347 347
1775711896248 348 348
1775711897388 349 349
1775711898528 350 350
1775711899672 351 351
1775711900811 352 352
1775711901951 353 353
1775711903089 354 354
1775711904230 355 355
1775711905371 356 356
1775711906511 357 357
1775711907651 358 358
1775711908790 359 359
1775711909934 360 360
1775711911080 361 361
1775711912225 362 362
1775711913370 363 363
1775711914514 364 364
1775711915654 365 365
1775711916795 366 366
1775711917933 367 367
1775711919148 368 368
1775711920288 369 369
1775711921429 370 370
1775711922570 371 371
1775711923709 372 372
1775711924848 373 373
1775711925988 374 374
1775711927128 375 375
1775711928266 376 376
1775711929404 377 377
1775711930544 378 378
1775711931682 379 379
1775711932821 380 380
1775711933959 381 381
1775711935096 382 382
1775711936237 383 383
1775711937378 384 384
1775711938518 385 385
1775711939657 386 386
1775711940796 387 387
1775711941935 388 388
1775711943074 389 389
1775711944213 390 390
1775711945354 391 391
1775711946496 392 392
1775711947635 393 393
1775711948774 394 394
1775711949918 395 395
1775711951066 396 396
1775711952212 397 397
1775711953360 398 398
1775711954505 399 399
1775711955649 400 400
1775711956794 401 401
1775711957940 402 402
1775711959087 403 403
1775711960232 404 404
1775711961381 405 405
1775711962523 406 406
1775711963664 407 407
1775711964804 408 408
1775711965948 409 409
1775711967089 410 410
1775711968230 411 411
1775711969372 412 412
1775711970510 413 413
1775711971650 414 414
1775711972789 415 415
1775711973932 416 416
1775711975072 417 417
1775711976211 418 418
1775711977360 419 419
1775711978497 420 420
1775711979635 421 421
1775711980775 422 422
1775711981915 423 423
1775711983056 424 424
1775711984195 425 425
1775711985334 426 426
1775711986477 427 427
1775711987617 428 428
1775711988758 429 429
1775711989899 430 430
1775711991038 431 431
1775711992177 432 432
1775711993320 433 433
1775711994465 434 434
1775711995611 435 435
1775711996756 436 436
1775711997903 437 437
1775711999048 438 438
1775712000193 439 439
1775712001337 440 440
1775712002484 441 441
1775712003630 442 442
1775712004775 443 443
1775712005916 444 444
1775712007056 445 445
1775712008196 446 446
1775712009338 447 447
1775712010479 448 448
1775712011619 449 449
1775712012766 450 450
1775712013903 451 451
1775712015043 452 452
1775712016184 453 453
1775712017324 454 454
1775712018464 455 455
1775712019604 456 456
1775712020746 457 457
1775712021887 458 458
1775712023026 459 459
1775712024165 460 460
1775712025306 461 461
1775712026445 462 462
1775712027586 463 463
1775712028726 464 464
1775712029864 465 465
1775712031004 466 466
1775712032143 467 467
1775712033284 468 468
1775712034423 469 469
1775712035562 470 470
1775712036702 471 471
1775712037842 472 472
1775712038980 473 473
1775712040120 474 474
1775712041258 475 475
1775712042397 476 476
1775712043535 477 477
1775712044675 478 478
1775712045813 479 479
1775712046952 480 480
1775712048091 481 481
1775712049230 482 482
1775712050372 483 483
1775712051510 484 484
1775712052652 485 485
1775712053794 486 486
1775712054932 487 487
1775712056072 488 488
1775712057213 489 489
1775712058355 490 490
1775712059492 491 491
1775712060639 492 492
1775712061784 493 493
1775712062929 494 494
1775712064074 495 495
1775712065220 496 496
1775712066364 497 497
1775712067509 498 498
1775712068649 499 499
1775712069859 500 500
